A free lysine has a maximum SASA of 344.172241211
FASTA sequence is: 
>aha2_full_length_model
MSSLEDIKNETVDLEKIPIEEVFQQLKCSREGLTTQEGEDRIQIFGPNKLEEKKESKLLKFLGFMWNPLS
WVMEMAAIMAIALANGDGRPPDWQDFVGIICLLVINSTISFIEENNAGNAAAALMAGLAPKTKVLRDGKW
SEQEAAILVPGDIVSIKLGDIIPADARLLEGDPLKVDQSALTGESLPVTKHPGQEVFSGSTCKQGEIEAV
VIATGVHTFFGKAAHLVDSTNQVGHFQKVLTAIGNFCICSIAIGMVIEIIVMYPIQRRKYRDGIDNLLVL
LIGGIPIAMPTVLSVTMAIGSHRLSQQGAITKRMTAIEEMAGMDVLCSDKTGTLTLNKLSVDKNLVEVFC
KGVEKDQVLLFAAMASRVENQDAIDAAMVGMLADPKEARAGIREVHFLPFNPVDKRTALTYIDGSGNWHR
VSKGAPEQILELAKASNDLSKKVLSIIDKYAERGLRSLAVARQVVPEKTKESPGAPWEFVGLLPLFDPPR
HDSAETIRRALNLGVNVKMITGDQLAIGKETGRRLGMGTNMYPSSALLGTHKDANLASIPVEELIEKADG
FAGVFPEHKYEIVKKLQERKHIVGMTGDGVNDAPALKKADIGIAVADATDAARGASDIVLTEPGLSVIIS
AVLTSRAIFQRMKNYTIYAVSITIRIVFGFMLIALIWEFDFSAFMVLIIAILNDGTIMTISKDRVKPSPT
PDSWKLKEIFATGVVLGGYQAIMTVIFFWAAHKTDFFSDTFGVRSIRDNNHELMGAVYLQVSIISQALIF
VTRSRSWSFVERPGALLMIAFLIAQLIATLIAVYANWEFAKIRGIGWGWAGVIWLYSIVTYFPLDVFKFA
IRYILSGKAWLNLFENKTAFTMKKDYGKEEREAQWALAQRTLHGLQPKEAVNIFPEKGSYRELSEIAEQA
KRRAEIARLRELHTLKGHVESVVKLKGLDIETPSHYTV


Protein's solvent-accessible surface area is 45450.25
Total SASA of all lysines is 5515.18017578

SASA for each lysine:
K8 = 62.969
K16 = 103.553
K27 = 151.578
K49 = 123.511
K53 = 149.99
K54 = 130.585
K57 = 147.28
K60 = 109.575
K131 = 47.289
K133 = 37.174
K139 = 111.844
K157 = 87.542
K175 = 68.259
K190 = 81.015
K203 = 59.596
K222 = 123.31
K238 = 119.8
K269 = 41.371
K312 = 59.326
K330 = 0.131
K338 = 165.196
K343 = 103.966
K351 = 162.286
K355 = 63.578
K386 = 133.289
K405 = 74.202
K423 = 6.231
K434 = 160.829
K441 = 140.726
K442 = 139.065
K449 = 112.368
K468 = 84.186
K470 = 101.43
K508 = 0.449
K519 = 63.863
K542 = 33.311
K557 = 138.876
K569 = 13.243
K574 = 54.021
K575 = 46.639
K580 = 31.583
K597 = 169.109
K598 = 86.41
K643 = 30.278
K692 = 22.019
K696 = 168.02
K705 = 78.729
K707 = 134.957
K733 = 78.13
K811 = 20.794
K838 = 5.229
K848 = 167.601
K857 = 122.329
K863 = 168.048
K864 = 129.199
K868 = 33.914
K888 = 140.855
K897 = 96.775
K911 = 37.751
K926 = 0.351
K934 = 97.119
K936 = 83.905